-0.00874972
-0.0174656
-0.0261138
-0.034661
-0.043074
-0.0513203
-0.0593679
-0.0671857
-0.0747435
-0.082012
-0.088963
-0.0955696
-0.101806
-0.107649
-0.113075
-0.118063
-0.122595
-0.126652
-0.130218
-0.133281
-0.135828
-0.137849
-0.139336
-0.140284
-0.14069
-0.14055
-0.139867
-0.138642
-0.136881
-0.13459
-0.131778
-0.128457
-0.124638
-0.120336
-0.115569
-0.110355
-0.104713
-0.0986667
-0.0922382
-0.0854528
-0.0783367
-0.0709175
-0.0632238
-0.0552854
-0.0471332
-0.0387985
-0.0303137
-0.0217116
-0.0130255
-0.00428905
0.00446404
0.0131999
0.0218846
0.0304847
0.0389668
0.0472982
0.0554465
0.0633804
0.0710691
0.0784828
0.0855929
0.0923719
0.0987935
0.104833
0.110467
0.115674
0.120433
0.124726
0.128537
0.131851
0.134654
0.136937
0.138691
0.139908
0.140584
0.140716
0.140304
0.139349
0.137855
0.135829
0.133277
0.13021
0.126639
0.122579
0.118045
0.113054
0.107626
0.101782
0.0955446
0.0889378
0.0819872
0.0747196
0.0671632
0.0593472
0.0513017
0.043058
0.0346478
0.0261037
0.0174587
0.00874626
