-0.0689141
-0.131687
-0.179525
-0.205655
-0.206286
-0.181109
-0.133272
-0.0688645
0.0040113
0.0764013
0.139715
0.186807
0.212787
0.215448
0.195315
0.155321
0.100225
0.0358616
-0.0316348
-0.0965386
-0.154083
-0.200812
-0.23472
-0.255206
-0.262876
-0.259258
-0.246472
-0.226915
-0.202983
-0.176862
-0.150391
-0.124992
-0.10166
-0.0809957
-0.0632692
-0.0484899
-0.0364845
-0.0269648
-0.0195849
-0.013985
-0.0098215
-0.006786
-0.00461422
-0.0030885
-0.0020355
-0.00132118
-0.000844724
-0.000532119
-0.00033031
-0.00020208
-0.000121866
-7.24537e-05
-4.24732e-05
-2.45528e-05
-1.39982e-05
-7.87184e-06
-4.36677e-06
-2.38984e-06
-1.29046e-06
-6.87584e-07
-3.61538e-07
-1.87614e-07
-9.6094e-08
-4.85826e-08
-2.42467e-08
-1.19465e-08
-5.81142e-09
-2.79128e-09
-1.32383e-09
-6.20015e-10
-2.86772e-10
-1.30998e-10
-5.9103e-11
-2.63389e-11
-1.15946e-11
-5.04257e-12
-2.16608e-12
-9.19973e-13
-3.85394e-13
-1.59625e-13
-6.51544e-14
-2.66634e-14
-1.04686e-14
-4.32547e-15
-1.39723e-15
-5.5681e-16
-3.79709e-16
-9.93125e-17
-3.36308e-17
3.62984e-17
1.42035e-16
6.31217e-17
-6.10024e-17
6.90303e-17
-6.50195e-17
-2.71365e-17
6.51858e-17
-2.05493e-16
-1.1666e-16
6.23379e-17
