0.0473613
0.0950514
0.141091
0.183624
0.221027
0.252007
0.275665
0.291527
0.299541
0.300052
0.293738
0.281536
0.264558
0.244001
0.221065
0.196885
0.172473
0.14868
0.126179
0.105457
0.0868255
0.0704394
0.0563222
0.0443943
0.0345014
0.0264409
0.0199853
0.0149002
0.0109592
0.00795266
0.00569427
0.00402343
0.00280558
0.00193087
0.00131166
0.000879537
0.000582213
0.000380481
0.000245488
0.000156387
9.83707e-05
6.11012e-05
3.74776e-05
2.27015e-05
1.35806e-05
8.02383e-06
4.68234e-06
2.69886e-06
1.53657e-06
8.64168e-07
4.801e-07
2.63495e-07
1.42868e-07
7.65304e-08
4.05031e-08
2.11794e-08
1.09427e-08
5.58643e-09
2.81813e-09
1.40481e-09
6.92024e-10
3.36887e-10
1.62078e-10
7.70636e-11
3.62146e-11
1.68203e-11
7.722e-12
3.50411e-12
1.5718e-12
6.96902e-13
3.05221e-13
1.32425e-13
5.69393e-14
2.40347e-14
1.00957e-14
3.96343e-15
1.76998e-15
9.27225e-16
9.92667e-17
5.23e-17
-2.54806e-16
8.9405e-17
-2.06349e-16
-9.18076e-17
1.35437e-16
-2.07047e-16
5.41457e-17
-1.20842e-16
1.97354e-16
2.5233e-16
-7.34199e-17
1.6429e-16
7.82411e-17
-1.64503e-16
1.93204e-16
1.88119e-16
8.50986e-17
1.55716e-16
-4.7049e-17
-1.32014e-16
