0.0114503
0.0233536
0.0356033
0.0480885
0.0606953
0.0733087
0.0858139
0.098098
0.110052
0.12157
0.132554
0.142913
0.152565
0.161435
0.169461
0.17659
0.182782
0.188006
0.192243
0.195486
0.19774
0.199017
0.199342
0.198747
0.197274
0.19497
0.191891
0.188095
0.183648
0.178616
0.173068
0.167075
0.160707
0.154032
0.147121
0.140036
0.132842
0.125598
0.118357
0.111171
0.104086
0.0971421
0.0903763
0.0838195
0.0774983
0.0714343
0.0656448
0.0601427
0.0549369
0.0500327
0.0454317
0.0411329
0.0371322
0.0334235
0.0299985
0.0268473
0.0239585
0.0213198
0.0189182
0.0167398
0.0147707
0.0129969
0.0114043
0.00997909
0.00870791
0.00757775
0.00657618
0.00569138
0.00491221
0.00422818
0.00362954
0.00310723
0.00265291
0.00225893
0.00191829
0.00162465
0.00137227
0.00115601
0.000971219
0.000813789
0.000680054
0.00056677
0.000471083
0.000390484
0.000322782
0.000266064
0.000218674
0.000179175
0.000146328
0.00011907
9.64859e-05
7.77939e-05
6.2325e-05
4.95072e-05
3.88506e-05
2.99338e-05
2.23917e-05
1.59038e-05
1.01833e-05
4.96596e-06
