0.00538121
0.0110002
0.0168328
0.0228536
0.0290355
0.0353502
0.0417683
0.0482594
0.054792
0.0613343
0.0678535
0.0743167
0.0806907
0.0869423
0.0930382
0.0989457
0.104632
0.110066
0.115217
0.120054
0.124549
0.128675
0.132404
0.135714
0.13858
0.140983
0.142904
0.144326
0.145234
0.145617
0.145464
0.144769
0.143527
0.141737
0.139397
0.136513
0.133089
0.129135
0.124662
0.119682
0.114214
0.108275
0.101887
0.0950746
0.0878625
0.0802791
0.0723547
0.0641213
0.0556126
0.0468639
0.0379121
0.0287953
0.0195526
0.010224
0.000850338
-0.00852706
-0.0178666
-0.0271265
-0.0362652
-0.0452412
-0.0540137
-0.0625425
-0.0707883
-0.0787128
-0.0862792
-0.0934521
-0.100198
-0.106484
-0.11228
-0.11756
-0.122297
-0.126468
-0.130054
-0.133035
-0.135397
-0.137127
-0.138218
-0.138661
-0.138454
-0.137598
-0.136094
-0.133949
-0.131172
-0.127775
-0.123773
-0.119185
-0.114032
-0.108336
-0.102125
-0.0954271
-0.088274
-0.0806993
-0.0727385
-0.0644295
-0.0558116
-0.0469259
-0.0378146
-0.0285215
-0.0190911
-0.00956863
