-0.0112892
-0.0229608
-0.0348416
-0.0467528
-0.0585123
-0.0699381
-0.0808506
-0.0910761
-0.100449
-0.108816
-0.116035
-0.121982
-0.126551
-0.129654
-0.131225
-0.131221
-0.129621
-0.126427
-0.121664
-0.115381
-0.107648
-0.0985559
-0.0882155
-0.076755
-0.0643186
-0.0510636
-0.037159
-0.0227818
-0.00811538
0.00665391
0.0213391
0.0357553
0.0497225
0.0630677
0.0756277
0.0872506
0.0977985
0.107148
0.115194
0.121847
0.127037
0.130714
0.132846
0.133423
0.132449
0.129953
0.125976
0.120579
0.113837
0.10584
0.0966895
0.0864977
0.0753863
0.063484
0.0509248
0.037846
0.0243869
0.0106865
-0.00311805
-0.0168927
-0.0305084
-0.043842
-0.0567778
-0.0692084
-0.0810356
-0.0921709
-0.102536
-0.112065
-0.120699
-0.128396
-0.135119
-0.140845
-0.145561
-0.149264
-0.151959
-0.15366
-0.15439
-0.154179
-0.153063
-0.151082
-0.148283
-0.144716
-0.140433
-0.13549
-0.129943
-0.123849
-0.117263
-0.110243
-0.102842
-0.0951131
-0.087105
-0.0788648
-0.0704356
-0.0618567
-0.0531635
-0.0443867
-0.0355527
-0.026683
-0.0177941
-0.00889766
