0.0551208
0.108226
0.157423
0.201053
0.237785
0.266679
0.287224
0.299337
0.303336
0.299888
0.289933
0.274601
0.255125
0.232756
0.208691
0.184016
0.159657
0.136365
0.114701
0.0950431
0.077604
0.0624546
0.049551
0.0387641
0.0299067
0.0227579
0.0170835
0.0126519
0.00924525
0.00666661
0.00474412
0.00333202
0.0023099
0.00158069
0.00106781
0.000712142
0.000468909
0.000304849
0.000195695
0.00012405
7.76521e-05
4.80035e-05
2.93073e-05
1.76718e-05
1.05246e-05
6.19111e-06
3.59739e-06
2.06481e-06
1.17074e-06
6.55764e-07
3.62874e-07
1.98382e-07
1.07152e-07
5.71832e-08
3.01522e-08
1.57097e-08
8.08774e-09
4.11448e-09
2.06845e-09
1.02761e-09
5.04526e-10
2.44806e-10
1.17397e-10
5.56424e-11
2.60663e-11
1.20696e-11
5.52412e-12
2.49908e-12
1.11756e-12
4.94006e-13
2.15772e-13
9.33326e-14
3.97928e-14
1.68087e-14
6.91878e-15
2.80416e-15
1.26737e-15
6.26085e-16
3.19327e-16
1.44928e-16
1.06157e-17
-2.80043e-17
-2.57252e-18
-1.23156e-16
-8.08276e-18
-9.37526e-17
-9.7032e-17
-5.41354e-17
-2.46096e-17
3.4525e-17
9.57663e-17
1.42564e-18
-2.68915e-17
1.47332e-17
-1.32381e-16
-1.29471e-17
1.41932e-16
2.86231e-16
2.02839e-16
1.29233e-16
