-0.0225979
-0.0445872
-0.0653766
-0.0844085
-0.101175
-0.115231
-0.126209
-0.133824
-0.137886
-0.138301
-0.135074
-0.128306
-0.118194
-0.105018
-0.0891367
-0.070975
-0.0510107
-0.0297609
-0.00776742
0.0144185
0.0362506
0.0572023
0.0767796
0.0945326
0.110066
0.123049
0.133216
0.140379
0.144421
0.145303
0.143056
0.137782
0.129643
0.118861
0.105703
0.0904745
0.0735137
0.0551772
0.0358331
0.015851
-0.00440562
-0.0245881
-0.0443688
-0.0634471
-0.0815541
-0.0984564
-0.113958
-0.127902
-0.140171
-0.150685
-0.159403
-0.166318
-0.171454
-0.174865
-0.176627
-0.176842
-0.175624
-0.173102
-0.169415
-0.164707
-0.159124
-0.152811
-0.14591
-0.138557
-0.13088
-0.122999
-0.115023
-0.10705
-0.0991672
-0.0914485
-0.0839578
-0.0767477
-0.06986
-0.0633264
-0.05717
-0.051405
-0.0460388
-0.0410719
-0.0364995
-0.0323122
-0.0284965
-0.0250363
-0.0219127
-0.0191056
-0.0165935
-0.0143546
-0.0123666
-0.0106078
-0.00905654
-0.00769224
-0.00649497
-0.00544579
-0.00452677
-0.00372096
-0.0030124
-0.00238599
-0.00182738
-0.00132282
-0.000858932
-0.000422469
