-0.0122426
-0.0243797
-0.0363067
-0.0479211
-0.0591234
-0.069818
-0.0799144
-0.0893274
-0.0979787
-0.105797
-0.112719
-0.118689
-0.123661
-0.127599
-0.130473
-0.132267
-0.13297
-0.132585
-0.131121
-0.128597
-0.125041
-0.12049
-0.114988
-0.108585
-0.101339
-0.0933152
-0.084581
-0.07521
-0.065279
-0.0548674
-0.0440568
-0.0329299
-0.0215696
-0.0100586
0.00152176
0.0130917
0.0245743
0.0358955
0.0469849
0.0577764
0.0682086
0.0782246
0.0877733
0.0968088
0.105291
0.113185
0.120463
0.127101
0.133083
0.138397
0.143038
0.147003
0.150298
0.15293
0.154913
0.156264
0.157003
0.157154
0.156744
0.155801
0.154357
0.152444
0.150096
0.147349
0.144237
0.140796
0.137062
0.13307
0.128854
0.124448
0.119885
0.115195
0.110408
0.105553
0.100655
0.09574
0.0908293
0.0859439
0.0811024
0.0763216
0.0716161
0.0669984
0.0624795
0.058068
0.053771
0.0495937
0.0455394
0.0416099
0.0378055
0.0341247
0.0305646
0.027121
0.0237882
0.0205592
0.0174257
0.014378
0.0114053
0.00849539
0.00563472
0.00280839
