0.0202304
0.040114
0.0593108
0.0774939
0.0943557
0.109614
0.123016
0.134346
0.143424
0.150112
0.154317
0.155987
0.155119
0.151748
0.145954
0.137855
0.127604
0.115386
0.101415
0.0859249
0.0691679
0.0514082
0.0329165
0.013965
-0.00517762
-0.0242509
-0.0430069
-0.0612137
-0.0786593
-0.0951535
-0.110531
-0.12465
-0.1374
-0.148692
-0.158467
-0.166691
-0.173354
-0.178471
-0.182075
-0.184221
-0.184979
-0.184432
-0.182678
-0.17982
-0.175969
-0.171242
-0.165755
-0.159625
-0.152967
-0.145892
-0.138507
-0.13091
-0.123195
-0.115446
-0.10774
-0.100143
-0.0927163
-0.0855088
-0.0785629
-0.0719124
-0.0655839
-0.0595966
-0.0539634
-0.0486913
-0.0437823
-0.0392336
-0.0350386
-0.0311876
-0.027668
-0.0244652
-0.0215629
-0.0189437
-0.0165896
-0.014482
-0.0126025
-0.0109326
-0.00945448
-0.00815098
-0.00700557
-0.00600264
-0.00512753
-0.00436656
-0.00370707
-0.0031374
-0.00264689
-0.00222587
-0.00186555
-0.00155806
-0.00129632
-0.00107403
-0.000885571
-0.000725975
-0.000590838
-0.000476262
-0.000378796
-0.000295368
-0.000223224
-0.000159868
-0.000102993
-5.04148e-05
