0.0605562
0.118632
0.168964
0.207002
0.229339
0.234026
0.2207
0.190559
0.14616
0.0910966
0.0295972
-0.0339135
-0.095224
-0.150684
-0.197457
-0.233658
-0.258389
-0.27167
-0.274296
-0.267647
-0.253482
-0.233728
-0.210305
-0.184982
-0.159276
-0.134398
-0.111239
-0.0903798
-0.0721295
-0.0565742
-0.0436308
-0.0330989
-0.024708
-0.0181553
-0.0131351
-0.00935913
-0.0065692
-0.00454311
-0.00309628
-0.00207993
-0.00137736
-0.000899296
-0.00057899
-0.000367628
-0.000230232
-0.000142231
-8.66834e-05
-5.21238e-05
-3.09267e-05
-1.81079e-05
-1.04635e-05
-5.96751e-06
-3.35932e-06
-1.86674e-06
-1.02405e-06
-5.54615e-07
-2.96569e-07
-1.56585e-07
-8.16375e-08
-4.20313e-08
-2.1371e-08
-1.07317e-08
-5.32264e-09
-2.60751e-09
-1.26179e-09
-6.03158e-10
-2.84827e-10
-1.3288e-10
-6.12468e-11
-2.7892e-11
-1.25507e-11
-5.58043e-12
-2.45157e-12
-1.0645e-12
-4.56572e-13
-1.94017e-13
-8.09695e-14
-3.37917e-14
-1.33969e-14
-5.54645e-15
-2.07997e-15
-1.07217e-15
-4.46186e-16
-1.7812e-16
3.04591e-17
-9.00181e-18
2.03092e-16
3.93521e-17
5.35608e-17
-8.92667e-17
-5.91943e-17
1.00467e-16
-3.70139e-17
2.42266e-17
-1.74909e-18
-3.13155e-16
-9.94784e-17
7.25064e-17
-5.68509e-17
1.23881e-16
