-0.0671702
-0.128605
-0.179116
-0.214547
-0.232141
-0.230749
-0.210866
-0.174497
-0.124878
-0.0660959
-0.00265231
0.06097
0.120695
0.173159
0.215906
0.247479
0.267396
0.276043
0.274506
0.264367
0.247493
0.225836
0.201273
0.175481
0.149855
0.125474
0.103096
0.0831834
0.065948
0.0513991
0.0393995
0.0297149
0.0220574
0.0161197
0.0116012
0.00822427
0.00574422
0.00395359
0.00268199
0.00179349
0.00118245
0.000768728
0.000492858
0.000311662
0.000194406
0.000119631
7.26325e-05
4.35123e-05
2.57233e-05
1.50076e-05
8.64175e-06
4.91169e-06
2.7557e-06
1.52628e-06
8.34584e-07
4.50574e-07
2.40187e-07
1.26429e-07
6.57185e-08
3.3736e-08
1.71037e-08
8.56443e-09
4.2359e-09
2.06943e-09
9.98711e-10
4.76136e-10
2.24257e-10
1.04353e-10
4.7977e-11
2.17945e-11
9.78285e-12
4.33917e-12
1.90176e-12
8.23651e-13
3.52571e-13
1.49252e-13
6.24387e-14
2.59488e-14
1.05497e-14
4.28627e-15
1.56211e-15
6.40116e-16
2.11367e-16
7.28435e-17
3.76299e-17
1.04753e-16
4.69304e-17
-6.34251e-17
-3.32869e-17
-1.36197e-16
-1.49999e-16
-1.33625e-16
-1.24988e-16
-1.98579e-16
-1.31302e-16
-4.63399e-17
-4.06957e-17
1.39056e-17
-2.25294e-17
-5.29287e-18
