-0.0155297
-0.0315274
-0.0476954
-0.0637288
-0.0793224
-0.0941763
-0.108003
-0.120532
-0.131519
-0.140744
-0.148024
-0.15321
-0.156191
-0.1569
-0.155308
-0.151429
-0.145318
-0.137067
-0.126803
-0.114688
-0.10091
-0.0856822
-0.0692361
-0.0518175
-0.0336811
-0.0150852
0.00371304
0.0224624
0.040922
0.0588652
0.0760833
0.0923879
0.107613
0.121619
0.13429
0.145537
0.155297
0.163533
0.170232
0.175403
0.179079
0.181309
0.182161
0.181716
0.180067
0.177318
0.173578
0.16896
0.163581
0.157556
0.151001
0.144025
0.136735
0.12923
0.121603
0.113939
0.106314
0.0987961
0.0914443
0.0843094
0.0774334
0.0708505
0.0645871
0.0586627
0.0530903
0.0478768
0.0430242
0.0385298
0.0343869
0.0305858
0.0271138
0.0239563
0.021097
0.0185185
0.0162026
0.0141309
0.0122848
0.010646
0.00919677
0.00791983
0.00679877
0.00581805
0.00496308
0.00422025
0.003577
0.00302174
0.00254391
0.00213388
0.00178296
0.0014833
0.00122788
0.00101042
0.000825279
0.000667462
0.000532486
0.000416334
0.000315375
0.000226289
0.000145985
7.15201e-05
