-0.0182601
-0.0368958
-0.0553777
-0.0731735
-0.089764
-0.104659
-0.11741
-0.127628
-0.13499
-0.139254
-0.14026
-0.137939
-0.132315
-0.123498
-0.111689
-0.0971668
-0.0802821
-0.0614469
-0.0411217
-0.0198025
0.00199323
0.0237413
0.0449246
0.065047
0.0836458
0.100303
0.114656
0.126402
0.135308
0.141212
0.144025
0.14373
0.140382
0.134099
0.125062
0.113501
0.0996946
0.0839557
0.0666243
0.0480577
0.0286214
0.00868023
-0.01141
-0.0313099
-0.0507028
-0.0693005
-0.0868477
-0.103125
-0.117951
-0.131182
-0.142717
-0.152488
-0.160468
-0.16666
-0.1711
-0.17385
-0.174996
-0.174644
-0.172914
-0.16994
-0.165862
-0.160824
-0.154973
-0.148452
-0.141402
-0.133954
-0.126234
-0.118357
-0.110428
-0.102539
-0.0947729
-0.0871988
-0.0798757
-0.0728514
-0.0661632
-0.0598389
-0.0538975
-0.04835
-0.0432005
-0.038447
-0.0340824
-0.0300951
-0.0264703
-0.0231903
-0.0202356
-0.017585
-0.0152168
-0.0131085
-0.0112378
-0.0095828
-0.00812187
-0.00683423
-0.00569988
-0.00469968
-0.00381533
-0.00302935
-0.00232493
-0.00168579
-0.00109595
-0.000539449
