0.014981
0.0297516
0.0441048
0.0578395
0.0707635
0.0826969
0.0934738
0.102945
0.110982
0.117474
0.122334
0.125499
0.12693
0.126611
0.124552
0.120786
0.115372
0.108388
0.0999346
0.0901329
0.07912
0.0670488
0.0540851
0.0404051
0.0261929
0.0116375
-0.00306944
-0.0177366
-0.0321757
-0.0462038
-0.0596456
-0.0723362
-0.0841226
-0.0948656
-0.104442
-0.112743
-0.119682
-0.125187
-0.129205
-0.131705
-0.132672
-0.132112
-0.130047
-0.126518
-0.12158
-0.115305
-0.107778
-0.0990956
-0.0893647
-0.0787015
-0.0672288
-0.055075
-0.0423717
-0.0292522
-0.0158502
-0.00229766
0.0112763
0.024747
0.0379953
0.0509088
0.0633828
0.0753212
0.086637
0.0972528
0.107102
0.116126
0.12428
0.131527
0.137841
0.143206
0.147613
0.151066
0.153574
0.155155
0.155833
0.155641
0.154613
0.152791
0.15022
0.146948
0.143025
0.138503
0.133436
0.127875
0.121875
0.115485
0.108757
0.101738
0.094474
0.0870073
0.0793774
0.0716203
0.0637679
0.0558485
0.047886
0.0399003
0.0319066
0.0239157
0.015934
0.00796311
