0.0165345
0.0329476
0.0491192
0.0649325
0.0802748
0.095039
0.109125
0.122442
0.134905
0.146442
0.156991
0.1665
0.174929
0.18225
0.188446
0.193512
0.197452
0.200284
0.202034
0.202737
0.202436
0.201184
0.199038
0.196061
0.192321
0.18789
0.18284
0.177248
0.171186
0.164732
0.157957
0.150932
0.143727
0.136405
0.129027
0.121651
0.114327
0.107103
0.100021
0.0931166
0.0864231
0.0799669
0.0737701
0.0678504
0.0622209
0.0568908
0.0518655
0.0471472
0.0427347
0.0386244
0.0348101
0.0312838
0.0280356
0.0250543
0.0223277
0.0198426
0.0175854
0.0155421
0.0136985
0.0120407
0.0105548
0.00922709
0.00804463
0.00699482
0.00606566
0.00524585
0.00452472
0.00389232
0.00333942
0.00285746
0.00243859
0.00207563
0.00176204
0.00149189
0.00125985
0.00106111
0.000891381
0.000746843
0.000624107
0.000520176
0.000432418
0.000358521
0.000296468
0.000244503
0.000201102
0.000164949
0.000134912
0.000110015
8.94277e-05
7.2437e-05
5.8438e-05
4.69159e-05
3.7434e-05
2.96216e-05
2.31634e-05
1.77905e-05
1.32717e-05
9.40525e-06
6.01222e-06
2.92892e-06
