-0.00983982
-0.0196435
-0.029375
-0.038999
-0.0484805
-0.0577856
-0.0668814
-0.0757363
-0.0843199
-0.0926038
-0.100561
-0.108167
-0.115399
-0.122236
-0.128659
-0.134653
-0.140203
-0.145299
-0.149931
-0.154094
-0.157782
-0.160995
-0.163733
-0.165999
-0.167798
-0.169138
-0.170028
-0.170479
-0.170503
-0.170117
-0.169334
-0.168174
-0.166654
-0.164793
-0.162613
-0.160134
-0.157378
-0.154367
-0.151123
-0.147668
-0.144026
-0.140217
-0.136265
-0.13219
-0.128013
-0.123754
-0.119434
-0.115071
-0.110683
-0.106287
-0.101899
-0.0975349
-0.093208
-0.0889315
-0.0847174
-0.0805767
-0.0765192
-0.0725536
-0.0686878
-0.0649285
-0.0612815
-0.0577515
-0.0543426
-0.0510577
-0.0478992
-0.0448684
-0.0419661
-0.0391925
-0.0365468
-0.0340281
-0.0316346
-0.0293642
-0.0272145
-0.0251825
-0.0232649
-0.0214583
-0.019759
-0.0181629
-0.0166659
-0.0152639
-0.0139524
-0.0127271
-0.0115835
-0.0105171
-0.00952349
-0.00859818
-0.00773674
-0.00693479
-0.00618798
-0.00549202
-0.00484266
-0.00423571
-0.00366702
-0.00313248
-0.00262797
-0.00214942
-0.00169271
-0.00125369
-0.000828144
-0.000411737
