-0.0747185
-0.13942
-0.185493
-0.20692
-0.201072
-0.168993
-0.115145
-0.0466902
0.0275825
0.0984887
0.157655
0.198526
0.217044
0.211939
0.184626
0.13877
0.0796242
0.0132463
-0.054265
-0.117435
-0.171896
-0.214668
-0.24423
-0.260412
-0.264164
-0.257253
-0.241926
-0.22061
-0.195655
-0.169148
-0.142796
-0.117884
-0.0952758
-0.075459
-0.0586124
-0.0446801
-0.0334458
-0.0245975
-0.0177812
-0.0126393
-0.00883746
-0.00608018
-0.0041173
-0.00274492
-0.00180205
-0.00116526
-0.000742308
-0.000465937
-0.000288223
-0.000175735
-0.000105628
-6.25965e-05
-3.6579e-05
-2.10802e-05
-1.19821e-05
-6.71814e-06
-3.71598e-06
-2.0279e-06
-1.09197e-06
-5.80239e-07
-3.04279e-07
-1.57486e-07
-8.04546e-08
-4.05727e-08
-2.01987e-08
-9.92779e-09
-4.8178e-09
-2.30857e-09
-1.09236e-09
-5.10436e-10
-2.35559e-10
-1.07366e-10
-4.83356e-11
-2.14945e-11
-9.44221e-12
-4.09766e-12
-1.75669e-12
-7.44077e-13
-3.11326e-13
-1.28823e-13
-5.27147e-14
-2.13819e-14
-8.63519e-15
-3.46018e-15
-1.21286e-15
-4.57847e-16
-7.12569e-17
4.15581e-18
1.82949e-17
-6.54979e-18
-3.87222e-17
3.12041e-17
2.76557e-17
3.641e-17
4.02859e-17
1.19503e-17
-4.73682e-18
-7.36749e-17
-2.19803e-17
-3.7679e-17
