-0.00437937
-0.00875449
-0.0131211
-0.0174751
-0.021812
-0.0261279
-0.0304184
-0.0346795
-0.0389069
-0.0430966
-0.0472446
-0.0513468
-0.0553992
-0.0593979
-0.0633391
-0.0672189
-0.0710336
-0.0747794
-0.0784528
-0.0820502
-0.085568
-0.089003
-0.0923517
-0.0956109
-0.0987775
-0.101848
-0.104821
-0.107691
-0.110458
-0.113117
-0.115667
-0.118105
-0.120428
-0.122635
-0.124723
-0.12669
-0.128535
-0.130255
-0.131849
-0.133315
-0.134652
-0.135859
-0.136934
-0.137877
-0.138686
-0.139361
-0.139901
-0.140306
-0.140575
-0.140708
-0.140705
-0.140565
-0.14029
-0.139879
-0.139333
-0.138651
-0.137836
-0.136887
-0.135806
-0.134594
-0.133251
-0.13178
-0.130181
-0.128457
-0.126608
-0.124637
-0.122545
-0.120335
-0.118008
-0.115568
-0.113016
-0.110355
-0.107587
-0.104715
-0.101742
-0.0986706
-0.0955041
-0.0922454
-0.0888976
-0.085464
-0.0819479
-0.0783527
-0.0746818
-0.0709389
-0.0671276
-0.0632515
-0.0593143
-0.05532
-0.0512722
-0.0471751
-0.0430324
-0.0388483
-0.0346267
-0.0303717
-0.0260874
-0.0217781
-0.0174477
-0.0131005
-0.00874067
-0.00437244
