-0.0131129
-0.0261117
-0.0388833
-0.0513164
-0.0633029
-0.0747385
-0.0855236
-0.0955644
-0.104773
-0.113071
-0.120384
-0.126649
-0.131812
-0.135828
-0.138662
-0.140289
-0.140695
-0.139876
-0.137841
-0.134605
-0.130198
-0.124658
-0.118033
-0.110381
-0.101768
-0.0922695
-0.081968
-0.0709531
-0.0593207
-0.0471721
-0.0346129
-0.0217525
-0.00870278
0.00442266
0.0175096
0.0304442
0.0431138
0.0554083
0.0672205
0.0784478
0.0889924
0.0987625
0.107673
0.115647
0.122614
0.128515
0.133297
0.136919
0.139349
0.140567
0.140562
0.139334
0.136893
0.133261
0.128469
0.12256
0.115584
0.107602
0.0986846
0.088908
0.0783578
0.0671259
0.0553099
0.0430126
0.0303411
0.0174056
0.00431862
-0.0088059
-0.0218538
-0.0347116
-0.0472673
-0.0594119
-0.0710395
-0.0820491
-0.0923448
-0.101837
-0.110444
-0.118089
-0.124707
-0.130241
-0.134641
-0.13787
-0.1399
-0.140712
-0.140301
-0.138669
-0.135831
-0.131811
-0.126645
-0.120377
-0.113062
-0.104763
-0.0955535
-0.0855126
-0.074728
-0.0632933
-0.0513082
-0.0388768
-0.0261072
-0.0131106
