-0.00840576
-0.0171418
-0.0261271
-0.035277
-0.044504
-0.0537187
-0.0628307
-0.0717499
-0.080387
-0.0886549
-0.0964693
-0.10375
-0.110421
-0.116413
-0.121661
-0.12611
-0.129708
-0.132416
-0.134199
-0.135034
-0.134905
-0.133805
-0.131737
-0.128711
-0.124747
-0.119873
-0.114124
-0.107544
-0.100181
-0.0920931
-0.0833405
-0.0739899
-0.0641117
-0.0537796
-0.0430697
-0.0320601
-0.0208294
-0.00945655
0.00198004
0.0134034
0.0247387
0.0359136
0.046859
0.0575098
0.067805
0.0776883
0.0871084
0.0960194
0.104381
0.112157
0.119321
0.125847
0.131718
0.136922
0.141453
0.145308
0.148492
0.151012
0.152881
0.154116
0.154736
0.154766
0.154232
0.153163
0.15159
0.149545
0.147063
0.144178
0.140927
0.137344
0.133466
0.129328
0.124965
0.120409
0.115695
0.110851
0.105909
0.100897
0.0958386
0.0907599
0.0856824
0.080626
0.0756088
0.0706463
0.0657523
0.0609382
0.0562134
0.0515852
0.0470589
0.0426378
0.0383231
0.0341143
0.030009
0.0260027
0.0220896
0.0182616
0.0145092
0.010821
0.0071837
0.00358236
