0.00580401
0.0118636
0.0181521
0.0246411
0.031301
0.0381008
0.0450087
0.0519922
0.0590182
0.0660533
0.0730642
0.0800178
0.0868812
0.0936226
0.100211
0.106616
0.112808
0.118762
0.124451
0.129851
0.13494
0.139699
0.144111
0.148159
0.15183
0.155115
0.158005
0.160493
0.162577
0.164255
0.165527
0.166398
0.166873
0.166958
0.166664
0.166
0.16498
0.163619
0.16193
0.159932
0.157641
0.155077
0.152259
0.149206
0.145939
0.142478
0.138845
0.135059
0.131141
0.127112
0.122991
0.118797
0.114549
0.110264
0.105961
0.101656
0.0973626
0.0930968
0.0888718
0.0847
0.0805928
0.0765608
0.0726132
0.0687584
0.0650037
0.0613556
0.0578193
0.0543994
0.0510994
0.047922
0.044869
0.0419417
0.0391404
0.0364648
0.033914
0.0314867
0.0291808
0.026994
0.0249233
0.0229655
0.021117
0.0193741
0.0177325
0.016188
0.014736
0.0133719
0.0120909
0.0108881
0.00975848
0.00869701
0.00769856
0.00675793
0.00586987
0.00502908
0.00423017
0.00346766
0.00273596
0.00202936
0.00134195
0.000667621
