-0.00205877
-0.00421522
-0.00646733
-0.00881283
-0.0112492
-0.0137739
-0.0163837
-0.0190757
-0.0218465
-0.0246924
-0.0276096
-0.0305942
-0.0336421
-0.0367487
-0.0399095
-0.0431199
-0.0463748
-0.0496692
-0.0529979
-0.0563555
-0.0597365
-0.0631353
-0.066546
-0.069963
-0.0733801
-0.0767913
-0.0801906
-0.0835717
-0.0869284
-0.0902545
-0.0935436
-0.0967894
-0.0999856
-0.103126
-0.106204
-0.109213
-0.112148
-0.115002
-0.117769
-0.120442
-0.123017
-0.125487
-0.127846
-0.13009
-0.132212
-0.134207
-0.13607
-0.137796
-0.139381
-0.140819
-0.142107
-0.143241
-0.144216
-0.145028
-0.145675
-0.146154
-0.14646
-0.146593
-0.146549
-0.146326
-0.145923
-0.145337
-0.144569
-0.143617
-0.14248
-0.141159
-0.139653
-0.137963
-0.13609
-0.134034
-0.131797
-0.129381
-0.126787
-0.124019
-0.121079
-0.11797
-0.114694
-0.111257
-0.107661
-0.103912
-0.100013
-0.0959694
-0.0917865
-0.0874696
-0.0830244
-0.0784569
-0.0737732
-0.0689799
-0.0640836
-0.0590911
-0.0540098
-0.0488468
-0.0436096
-0.0383061
-0.032944
-0.0275314
-0.0220765
-0.0165874
-0.0110726
-0.00554062
