-0.00927789
-0.0189188
-0.0288316
-0.038921
-0.0490882
-0.0592319
-0.0692495
-0.0790383
-0.0884958
-0.0975217
-0.106018
-0.113892
-0.121053
-0.127419
-0.132913
-0.137466
-0.141018
-0.143517
-0.144921
-0.145199
-0.14433
-0.142302
-0.139118
-0.13479
-0.129341
-0.122806
-0.11523
-0.10667
-0.0971907
-0.0868691
-0.0757893
-0.064044
-0.0517331
-0.038963
-0.0258453
-0.0124959
0.000966004
0.0144192
0.0277415
0.0408111
0.0535077
0.0657137
0.0773152
0.0882033
0.0982754
0.107436
0.115597
0.12268
0.128617
0.133349
0.136829
0.139023
0.139906
0.139468
0.13771
0.134648
0.130307
0.124728
0.117961
0.110068
0.101125
0.0912138
0.0804293
0.0688735
0.0566564
0.0438946
0.0307102
0.0172299
0.00358334
-0.0100978
-0.0236813
-0.0370357
-0.0500312
-0.0625416
-0.0744449
-0.085625
-0.0959725
-0.105386
-0.113773
-0.121051
-0.127148
-0.132004
-0.13557
-0.13781
-0.138702
-0.138236
-0.136415
-0.133257
-0.128791
-0.123061
-0.116122
-0.108041
-0.0988983
-0.0887821
-0.0777916
-0.0660348
-0.053627
-0.0406903
-0.0273522
-0.013744
